thunder.png
size:2048,2048
filter:Linear,Linear
pma:true
1
bounds:1051,359,200,1630
offsets:6,10,212,1649
2
bounds:2,327,213,1662
offsets:6,12,226,1694
21
bounds:636,338,213,1651
offsets:6,12,226,1694
22
bounds:426,337,208,1652
offsets:6,12,221,1694
23
bounds:217,336,207,1653
offsets:6,12,220,1694
24
bounds:851,340,198,1649
offsets:6,12,219,1694
3
bounds:1454,1089,277,178
offsets:12,7,301,195
31
bounds:1253,1744,245,189
offsets:12,8,269,208
rotate:90
32
bounds:1253,1497,245,189
offsets:12,8,269,208
rotate:90
33
bounds:1253,1250,245,189
offsets:12,8,269,208
rotate:90
4
bounds:2,2,485,323
offsets:6,5,497,333
41
bounds:489,14,483,321
offsets:5,5,494,332
42
bounds:974,21,478,317
offsets:6,5,490,331
43
bounds:1454,1702,468,287
offsets:9,8,485,309
remain
bounds:1454,1269,433,431
offsets:2,3,438,437
